age 1954 1955 1956 1957 1958 1959 1960 1961 1962 1963 1964 1965 1966 1967 1968 1969 1970 1971 1972 1973 1974 1975 1976 1977 1978 1979 1980 1981 1982 1983 1984 1985 1986 1987 1988 1989 1990 1991 1992 1993 1994 1995 1996 1997 1998 1999 2000 2001 2002 2003 2004 2005 2006 2007 2008 2009 2010
0 53175 54333 55113 53995 53618 53304 51513 52935 54228 57422 62050 62378 62766 61706 56854 54602 55464 57559 57702 55821 56142 52862 50402 49337 47585 49137 49623 48016 47658 47204 48140 50558 52177 53345 57645 59530 63526 63469 63013 59979 57173 53020 48505 46320 46011 45309 46764 47214 49275 51138 52037 52135 54684 55427 56528 57720 59496
1 55559 53118 54273 55142 53946 53503 53373 51581 52880 54224 57631 62392 62529 62785 61812 58036 55662 55975 58138 57175 56044 56587 53396 50863 49622 47868 49484 49944 48233 47879 47478 48540 50965 52593 53779 58123 59978 63840 63809 63198 60098 57319 53175 48628 46514 46291 45641 47187 47631 49687 51460 52476 52730 55242 56162 57188 58366
2 55427 55614 53157 54422 55130 53902 53523 53458 51594 52903 54443 57921 62591 62590 62615 62390 58614 55694 55793 58027 57311 56323 56893 53634 50940 49702 47969 49457 49907 48214 48020 47635 48828 51222 52937 54177 58522 60241 63944 64062 63472 60036 57348 53142 48735 46652 46503 45911 47449 47852 49910 51641 52925 53140 55789 56635 57606
3 55345 55467 55652 53281 54432 55056 53867 53553 53477 51653 53086 54723 58116 62512 62722 63195 62877 58613 55498 55674 58104 57532 56500 57090 53710 51014 49729 47965 49426 49904 48285 48142 47783 48996 51491 53401 54508 58791 60443 64275 64791 63492 59983 57334 53185 48893 46902 46749 46190 47680 48059 50081 52057 53368 53638 56210 56944
4 58158 55384 55516 55732 53273 54384 55103 53930 53553 53513 51798 53352 54877 58124 62522 63150 63521 62885 58247 55362 55737 58261 57718 56672 57133 53719 51080 49716 47952 49414 50005 48367 48313 48020 49278 51917 53796 54750 58980 60773 65005 64813 63405 59976 57403 53295 49080 47174 47047 46438 47877 48207 50472 52417 53870 54073 56519
5 60737 58235 55419 55634 55737 53262 54376 55172 53949 53576 53640 52020 53507 54913 58126 62940 63484 63446 62620 58061 55418 55846 58415 57900 56701 57204 53737 51051 49726 47899 49453 50055 48540 48558 48351 49696 52256 54019 54942 59316 61506 65071 64814 63391 60020 57477 53464 49297 47404 47322 46626 48036 48506 50809 52819 54261 54366
6 63024 60765 58257 55534 55615 55695 53215 54429 55205 53957 53716 53800 52155 53478 54884 58480 63193 63384 63222 62423 58051 55448 55972 58571 57866 56745 57159 53691 50988 49694 47910 49492 50217 48760 48804 48723 50039 52570 54222 55299 59994 61600 65063 64866 63472 60109 57625 53704 49544 47587 47510 46782 48509 48946 51221 53193 54549
7 64371 63078 60793 58356 55556 55571 55682 53209 54427 55222 54062 53855 53919 52153 53662 55180 58752 63095 63157 62973 62331 58113 55518 56044 58561 57807 56620 57070 53566 50927 49725 47921 49566 50369 49042 49162 49065 50313 52725 54543 55970 60069 61649 65166 64955 63588 60277 57797 53918 49748 47765 47628 47110 48864 49360 51641 53547
8 66251 64404 63131 60846 58379 55526 55513 55714 53226 54440 55315 54202 53935 53959 52196 53989 55431 58670 62925 63027 62984 62402 58201 55637 56044 58524 57773 56554 57001 53553 50949 49772 48048 49744 50582 49397 49443 49348 50536 53079 55250 56047 60112 61729 65268 65113 63755 60499 58034 54127 49940 47971 48009 47516 49307 49753 51884
9 66696 66273 64432 63225 60863 58354 55438 55536 55739 53258 54539 55428 54305 53949 53991 52470 54231 55414 58550 62763 63025 63053 62486 58321 55666 56043 58466 57731 56493 56956 53572 50987 49860 48195 49946 50943 49728 49708 49538 50926 53726 55332 56090 60211 61853 65406 65302 63980 60706 58274 54321 50044 48357 48396 47970 49726 50102
10 66510 66720 66327 64535 63258 60842 58194 55492 55552 55752 53341 54644 55511 54313 53968 54237 52704 54224 55317 58469 62766 63135 63155 62582 58337 55675 56020 58405 57639 56444 57005 53608 51060 50023 48430 50306 51213 49942 49941 49872 51525 53850 55415 56233 60372 61972 65588 65488 64210 60944 58481 54481 50436 48776 48790 48339 50016
11 62119 66537 66752 66422 64558 63244 60725 58235 55502 55559 55823 53453 54715 55592 54369 54217 54485 52742 54141 55261 58501 62840 63237 63284 62595 58339 55667 55977 58351 57619 56471 57039 53704 51245 50211 48756 50558 51481 50099 50273 50458 51619 53934 55559 56365 60506 62175 65854 65720 64393 61124 58658 54929 50878 49197 49239 48645
12 56890 62125 66561 66804 66449 64551 63116 60756 58232 55503 55640 55949 53553 54729 55623 54612 54417 54497 52705 54076 55306 58580 63019 63334 63316 62578 58311 55656 55943 58336 57665 56530 57149 53830 51458 50499 48979 50790 51673 50405 50824 50536 51697 54074 55737 56490 60765 62407 66135 65920 64585 61303 59025 55344 51329 49596 49552
13 49439 56869 62157 66596 66811 66450 64322 63154 60749 58246 55570 55739 56028 53585 54736 55841 54857 54444 54441 52663 54113 55400 58681 63139 63360 63355 62559 58312 55634 55938 58349 57732 56631 57264 53975 51726 50755 49163 50959 51976 50896 50913 50586 51812 54188 55876 56697 61039 62678 66380 66113 64765 61708 59407 55769 51849 49897
14 47522 49464 56878 62199 66630 66807 66179 64325 63177 60770 58332 55670 55819 56052 53674 54976 56093 54867 54408 54405 52695 54198 55481 58772 63142 63376 63373 62553 58281 55621 56004 58407 57839 56820 57421 54292 51913 50912 49374 51224 52492 50971 50977 50708 51960 54329 56080 56953 61290 62910 66551 66293 65166 62045 59919 56215 52223
15 48049 47552 49495 56951 62234 66636 66931 66241 64362 63192 60846 58469 55777 55844 56078 53897 55304 56147 54826 54344 54448 52729 54256 55558 58792 63175 63396 63372 62578 58296 55680 56092 58533 58027 57008 57701 54503 52113 51081 49618 51697 52591 51015 51156 50854 52138 54532 56322 57198 61546 63125 66740 66672 65580 62549 60461 56659
16 46176 48125 47592 49616 56982 62249 66606 66990 66281 64429 63322 61023 58613 55869 55966 56403 54216 55386 56111 54786 54367 54539 52802 54349 55628 58821 63196 63412 63376 62572 58350 55727 56158 58652 58191 57329 57927 54693 52311 51338 50064 51802 52644 51121 51302 50992 52392 54784 56598 57461 61740 63290 67172 67281 66175 63344 61106
17 44523 46303 48237 47786 49695 57027 62260 66702 67074 66410 64627 63652 61277 58755 56010 56509 56914 54280 55365 56105 54887 54474 54644 52949 54442 55704 58897 63237 63409 63394 62613 58405 55777 56261 58854 58462 57517 58134 54955 52614 51812 50164 51878 52762 51310 51514 51201 52659 55088 56887 57660 61943 63729 67882 67953 66904 64082
18 43445 44775 46491 48567 47947 49865 57235 62517 66865 67255 66821 65282 64096 61551 59102 56970 57488 57078 54391 55446 56318 55133 54781 54908 53133 54682 55950 58992 63311 63447 63484 62713 58550 55961 56563 59258 58775 57711 58462 55311 53081 51942 50280 51995 52906 51417 51730 51464 52949 55386 57117 57850 62364 64281 68411 68513 67450
19 42135 43728 44949 46847 48713 48037 50175 57579 62696 67097 67767 67680 65882 64364 61924 60185 58074 57441 57103 54452 55731 56707 55522 55114 55167 53531 55026 56092 59100 63408 63641 63648 62993 58758 56330 57138 59628 58981 57902 58753 55836 53222 52032 50452 52011 53036 51581 51924 51653 53137 55563 57260 58240 62724 64643 68789 68877
20 41286 42356 43946 45204 46914 48747 48137 50530 57717 62966 67520 68438 68067 65990 64497 62736 60816 57728 57225 56989 54697 56022 57043 55881 55364 55544 53843 55118 56153 59177 63642 63911 63918 63258 59177 56983 57477 59773 59217 58263 59163 55964 53290 52152 50482 52080 53199 51788 52139 51846 53308 55710 57733 58644 63152 65092 69153
21 41414 41864 42870 44540 45508 47085 49156 48841 51151 58206 63892 68860 69309 68580 66717 66601 64979 61355 57849 57378 57432 55212 56650 57618 56374 55936 56077 54046 55202 56271 59504 63985 64306 64302 63836 60127 57420 57731 59969 59584 58684 59273 56046 53328 52187 50558 52292 53427 52029 52409 52116 53562 56425 58335 59088 63694 65572
22 43482 41992 42464 43532 44791 45622 47446 49801 49202 51644 59015 65055 69749 69579 69106 68582 68384 64999 61286 57810 57777 57932 55913 57222 58049 56979 56465 56262 54097 55325 56603 59896 64446 64722 64953 64901 60707 57736 57969 60361 60112 58808 59349 56091 53403 52339 50866 52569 53944 52501 52854 52637 54503 57323 59128 60203 64671
23 44269 44087 42513 42796 43779 44848 45954 47997 50123 49593 52584 60169 65910 69923 69887 70767 70215 68368 64742 61185 58197 58270 58606 56576 57707 58633 57441 56608 56336 54246 55652 57038 60334 64918 65359 66058 65457 61100 58072 58484 60915 60369 59020 59478 56249 53620 52734 51300 53130 54561 53141 53643 53887 55781 58441 60518 61600
24 45348 44819 44523 42941 42911 43793 45076 46451 48269 50434 50309 53874 61088 66008 70008 71066 72234 70044 67994 64528 61498 58615 58918 59211 57058 58112 59056 57586 56669 56420 54535 56029 57557 60883 65630 66502 66758 65868 61452 58595 59045 61214 60603 59220 59642 56529 54154 53292 51965 53777 55164 53936 54949 55288 56997 59998 62005
25 45259 45827 45215 44855 43004 42878 43910 45450 46679 48522 51041 51377 54637 61197 66069 70937 72163 72041 69550 67711 64759 61862 59125 59458 59581 57466 58380 59077 57533 56728 56703 54903 56467 58116 61550 66678 67284 67231 66228 61934 59212 59290 61412 60774 59454 59958 57028 54680 53855 52613 54451 55904 55071 56233 56507 58452 61517
26 47265 45589 46102 45484 44863 42909 43098 44169 45616 46903 49092 51953 52093 54621 61141 66856 71686 72048 71436 69237 67782 65064 62373 59558 59816 59916 57671 58383 59136 57498 56932 56975 55341 56923 58700 62512 67447 67731 67554 66666 62533 59440 59448 61530 60947 59699 60395 57583 55288 54324 53228 55213 57098 56220 57291 57899 59933
27 47201 47540 45816 46404 45451 44758 42928 43331 44277 45726 47348 49934 52558 52068 54528 61727 67538 71554 71503 70964 69233 67987 65414 62830 59854 60074 60046 57649 58375 59156 57675 57188 57244 55753 57453 59644 63142 67819 68078 67992 67252 62754 59618 59535 61687 61147 60091 60869 58066 55770 54824 53850 56200 58145 57286 58534 59093
28 48758 47496 47724 46061 46398 45324 44736 43099 43418 44373 46042 47968 50464 52529 51928 55224 62246 67333 71015 71088 70962 69392 68266 65717 63025 60050 60149 60004 57599 58295 59243 57880 57409 57532 56353 58287 60247 63540 68049 68472 68418 67383 62867 59776 59757 61921 61449 60499 61339 58540 56254 55348 54757 57236 59076 58288 59646
29 50928 48952 47654 47954 46069 46329 45186 44869 43109 43475 44680 46603 48406 50408 52455 52330 55658 62093 66776 70703 71084 71039 69529 68525 65829 63197 60086 60032 59908 57570 58404 59357 58036 57692 57974 57163 58784 60564 63817 68476 69020 68445 67423 62877 59948 59900 62287 61883 60942 61714 58916 56727 56183 55710 58162 60107 59035
30 51844 51142 49019 47828 47892 45975 46257 45280 44862 43165 43659 45176 47013 48343 50275 52889 52761 55423 61622 66303 70620 71131 71201 69763 68565 65856 63218 59925 59985 59861 57617 58507 59462 58267 58091 58592 57662 59048 60784 64182 68951 69066 68452 67473 63005 60083 60254 62701 62297 61327 61992 59376 57472 57016 56473 58993 60964
31 53597 51993 51164 49139 47781 47815 45913 46334 45297 44870 43367 44045 45493 46986 48239 50599 53233 52604 54861 61235 66212 70631 71174 71281 69761 68543 65740 63014 59782 59889 59792 57690 58609 59668 58620 58651 59030 57931 59221 61100 64618 68975 69007 68439 67548 63142 60359 60620 63041 62604 61571 62391 59954 58225 57777 57266 59638
32 54150 53730 52004 51287 49123 47665 47719 45919 46310 45327 45032 43667 44330 45446 46794 48529 50943 53000 52168 54405 61123 66224 70587 71246 71257 69704 68400 65526 62894 59645 59862 59795 57701 58761 59944 59194 59009 59210 58109 59485 61588 64624 68943 69015 68574 67572 63366 60721 60923 63342 62778 61828 63080 60706 58936 58502 57840
33 58676 54226 53772 52107 51267 49022 47504 47748 45901 46296 45445 45392 43896 44287 45368 47065 48779 50777 52596 51819 54215 61095 66251 70626 71188 71196 69545 68172 65330 62769 59591 59810 59829 57844 58924 60358 59473 59211 59295 58447 59911 61606 64595 68923 69056 68719 67716 63617 61052 61217 63495 63065 62324 63731 61243 59544 58996
34 62931 58730 54245 53847 52049 51154 48924 47494 47702 45891 46402 45614 45639 43820 44211 45625 47351 48563 50372 52183 51681 54172 60992 66277 70535 71009 71003 69314 67971 65134 62661 59548 59730 59936 58043 59284 60659 59667 59365 59578 58844 59875 61565 64562 68923 69057 68870 67914 63910 61231 61412 63660 63689 62908 64195 61838 59954
35 52090 62973 58760 54307 53820 51925 51025 48901 47431 47672 45963 46654 45780 45568 43727 44422 45839 47156 48171 50052 52040 51606 54068 60968 66153 70435 70781 70789 69107 67738 65042 62564 59487 59755 60072 58329 59484 60812 59722 59556 60026 58779 59797 61541 64527 68920 69188 69044 68152 64056 61329 61621 64108 64245 63406 64743 62268
36 52056 52118 62969 58736 54291 53666 51808 50961 48865 47399 47711 46116 46792 45724 45400 43919 44623 45690 46807 47863 49979 51998 51526 54002 60879 66024 70296 70568 70567 68909 67632 64955 62471 59500 59863 60365 58558 59657 60848 59871 60033 59906 58669 59721 61492 64522 69053 69319 69190 68304 64151 61449 62167 64574 64664 63871 65009
37 53098 52043 52079 62962 58689 54217 53546 51738 50921 48815 47449 47883 46200 46698 45629 45551 44047 44505 45387 46508 47745 49892 51938 51481 53855 60756 65862 70134 70386 70359 68739 67505 64827 62486 59595 60053 60496 58660 59652 61026 60214 59843 59797 58609 59630 61450 64574 69192 69502 69360 68445 64245 61730 62635 64851 65097 64119
38 52816 53076 51972 52082 62913 58580 54050 53469 51649 50845 48817 47547 47891 46129 46626 45766 45720 43923 44207 45105 46394 47702 49825 51892 51370 53751 60562 65672 69909 70220 70228 68651 67338 64806 62575 59790 60177 60549 58667 59757 61303 60115 59678 59677 58540 59574 61542 64703 69310 69569 69263 68522 64522 62129 62994 65178 65289
39 52516 52762 53034 51981 52015 62764 58398 54025 53395 51567 50855 48842 47569 47776 46006 46812 45905 45583 43630 43978 45003 46335 47622 49776 51763 51285 53634 60408 65501 69727 70088 70045 68476 67284 64821 62733 59868 60158 60502 58761 59972 61138 59978 59576 59615 58477 59641 61595 64788 69287 69559 69253 68782 64924 62475 63352 65299
40 54667 52444 52724 52984 51900 51891 62468 58265 53915 53290 51532 50887 48827 47459 47668 46117 46950 45762 45299 43390 43858 44898 46264 47549 49673 51644 51110 53452 60261 65317 69559 69967 69915 68372 67301 64882 62806 59847 60107 60586 58972 59832 60982 59860 59451 59496 58485 59677 61649 64913 69279 69609 69481 69069 65140 62786 63567
41 55272 54622 52383 52663 52889 51791 51720 62330 58153 53820 53266 51546 50860 48720 47318 47747 46188 46787 45477 45029 43286 43741 44821 46195 47430 49515 51499 50919 53301 60093 65184 69415 69800 69830 68362 67357 64921 62763 59763 60127 60721 58848 59697 60867 59775 59341 59539 58618 59764 61657 64884 69227 69807 69797 69208 65436 62942
42 55835 55201 54541 52327 52575 52742 51545 51629 62203 58045 53772 53283 51500 50755 48625 47349 47801 46043 46492 45261 44860 43209 43621 44720 46084 47307 49322 51347 50727 53134 59943 64983 69248 69683 69800 68409 67352 64831 62662 59676 60284 60571 58685 59539 60793 59681 59334 59555 58642 59692 61579 64900 69345 69987 69947 69359 65544
43 55100 55749 55086 54457 52217 52444 52541 51470 51497 62072 58004 53733 53213 51310 50632 48668 47398 47632 45757 46251 45118 44800 43134 43507 44600 45918 47127 49129 51163 50547 52974 59813 64787 69110 69616 69825 68364 67258 64676 62646 59719 60069 60437 58533 59447 60676 59663 59294 59590 58662 59679 61549 65088 69487 70109 70120 69419
44 55110 54944 55606 55019 54321 52091 52223 52447 51314 51377 61972 57926 53629 53072 51163 50633 48686 47181 47380 45504 46076 45029 44700 43024 43320 44477 45760 46974 48992 51002 50402 52839 59669 64665 69035 69590 69729 68232 67087 64642 62732 59538 59915 60247 58431 59338 60670 59661 59320 59591 58620 59669 61666 65250 69590 70229 70115
45 55798 55002 54773 55489 54892 54137 51863 52092 52299 51167 51270 61903 57841 53487 52901 51166 50588 48454 46929 47143 45341 45933 44885 44577 42858 43210 44293 45591 46772 48820 50836 50273 52651 59518 64605 68972 69472 69565 68018 66986 64653 62561 59390 59769 60118 58304 59303 60596 59636 59284 59564 58555 59757 61813 65308 69650 70231
46 53889 55664 54846 54643 55326 54661 53836 51724 51913 52123 51028 51147 61749 57668 53265 52811 51088 50384 48141 46694 46962 45170 45770 44718 44420 42691 43013 44075 45417 46607 48670 50669 50052 52528 59420 64547 68865 69281 69314 67879 66928 64440 62377 59248 59595 59960 58237 59275 60604 59608 59190 59458 58700 59865 61846 65460 69629
47 52411 53768 55450 54703 54497 55145 54361 53678 51551 51740 51997 50891 51013 61444 57409 53154 52714 50873 50079 47893 46460 46824 44958 45630 44557 44221 42475 42790 43895 45210 46425 48479 50467 49918 52416 59358 64368 68653 69051 69124 67822 66720 64241 62126 59054 59475 59869 58151 59214 60531 59496 59118 59456 58787 59891 61913 65398
48 51326 52271 53579 55253 54496 54228 54857 54172 53451 51351 51553 51821 50656 50833 61160 57262 53040 52405 50557 49809 47663 46269 46649 44784 45429 44357 44007 42292 42628 43711 45028 46266 48253 50289 49805 52321 59210 64142 68429 68837 69017 67556 66485 63995 61898 58840 59322 59769 58086 59084 60390 59386 59116 59504 58773 59934 61835
49 49148 51119 52059 53384 55021 54199 53912 54637 53944 53208 51165 51388 51588 50444 50582 60956 57096 52747 52059 50249 49538 47438 46053 46460 44564 45184 44134 43796 42062 42429 43527 44854 46108 48073 50168 49757 52174 59007 63897 68190 68689 68730 67342 66231 63808 61668 58712 59190 59681 57967 58940 60260 59376 59105 59425 58819 59920
50 48472 48933 50908 51807 53126 54742 53761 53671 54370 53678 53022 50935 51156 51331 50203 50394 60749 56766 52362 51766 49979 49259 47189 45816 46181 44295 44941 43908 43565 41859 42186 43324 44635 45889 47907 50052 49602 51981 58732 63663 67940 68396 68426 67089 65958 63597 61537 58588 59092 59520 57789 58809 60225 59379 59010 59410 58724
51 46737 48245 48637 50622 51557 52848 54391 53472 53364 54073 53438 52762 50661 50883 51053 50012 50167 60380 56387 51982 51428 49732 48961 46922 45575 45945 44029 44658 43654 43320 41658 41923 43101 44449 45702 47744 49879 49403 51779 58496 63481 67669 68073 68102 66805 65714 63422 61375 58416 58920 59335 57656 58724 60134 59277 58968 59326
52 46803 46445 47963 48344 50332 51248 52425 54072 53178 53084 53759 53115 52430 50399 50573 50792 49736 49827 59924 56027 51634 51141 49412 48635 46634 45242 45622 43760 44365 43359 43063 41413 41723 42883 44244 45520 47513 49651 49181 51516 58265 63186 67363 67755 67780 66546 65494 63243 61149 58275 58709 59182 57527 58569 60015 59214 58801
53 45966 46512 46143 47661 48023 50017 50803 52068 53696 52866 52726 53408 52751 52099 50084 50276 50466 49387 49424 59439 55659 51256 50774 49065 48278 46303 44923 45266 43499 44023 43106 42815 41154 41492 42689 44073 45286 47266 49365 48930 51319 57956 62810 66965 67466 67507 66298 65259 63023 60914 58087 58462 58972 57411 58384 59893 59051
54 44502 45652 46121 45791 47354 47679 49561 50465 51708 53316 52529 52346 53009 52372 51742 49737 49962 50085 48979 48990 58977 55213 50871 50397 48684 47892 45974 44589 44934 43205 43717 42803 42500 40873 41244 42502 43835 45048 47009 49113 48826 51047 57575 62410 66619 67153 67198 66010 65019 62775 60662 57790 58267 58802 57222 58261 59686
55 41684 44099 45274 45787 45470 46960 47215 49124 50040 51296 52860 52107 51942 52606 51911 51400 49400 49521 49602 48560 48565 58470 54732 50430 49957 48263 47474 45589 44218 44558 42849 43358 42510 42203 40574 41017 42236 43577 44762 46726 48869 48546 50727 57259 62014 66213 66857 66917 65725 64722 62447 60371 57567 58074 58607 57088 58075
56 41334 41234 43683 44842 45388 45086 46388 46804 48680 49582 50864 52389 51678 51482 52151 51531 50998 48948 49025 49117 48123 48131 57937 54204 49933 49475 47799 47028 45177 43835 44162 42466 42992 42201 41903 40317 40718 41922 43248 44505 46480 48545 48232 50355 56901 61645 65848 66522 66601 65380 64402 62115 60104 57322 57850 58418 56798
57 40078 40957 40810 43224 44388 44913 44529 45923 46349 48226 49043 50350 51878 51174 50955 51648 51037 50487 48400 48509 48654 47643 47592 57362 53640 49394 48960 47322 46539 44800 43435 43740 42071 42616 41851 41556 39970 40382 41580 42936 44240 46185 48188 47895 50008 56536 61287 65478 66155 66266 64951 64025 61790 59820 57028 57604 58152
58 39004 39624 40502 40349 42724 43901 44376 44051 45411 45832 47712 48539 49803 51375 50590 50469 51130 50482 49866 47858 47969 48088 47084 47068 56685 53018 48844 48440 46827 46079 44370 42972 43311 41642 42266 41502 41201 39598 40044 41262 42650 43924 45844 47823 47556 49656 56194 60878 65087 65776 65874 64595 63637 61451 59495 56726 57307
59 37841 38511 39166 39985 39894 42229 43228 43824 43532 44813 45213 47151 47927 49266 50689 49980 49901 50526 49840 49242 47237 47407 47450 46514 46491 56017 52367 48252 47853 46256 45554 43827 42468 42850 41229 41859 41078 40745 39207 39673 41003 42286 43575 45454 47461 47191 49291 55819 60415 64672 65357 65432 64191 63257 61075 59160 56365
60 35587 37261 37986 38576 39470 39353 41534 42668 43198 42891 44201 44560 46493 47296 48568 50066 49377 49193 49802 49182 48566 46597 46770 46815 45866 45883 55234 51655 47638 47210 45691 44985 43269 41934 42364 40793 41361 40620 40335 38862 39381 40624 41894 43132 45041 47017 46796 48910 55381 59973 64197 64821 64973 63758 62811 60747 58765
61 34709 35009 36666 37394 37943 38937 38644 40907 42011 42501 42306 43513 43840 45776 46596 47882 49325 48630 48467 49052 48416 47783 45856 46072 46110 45157 45194 54430 50891 46952 46568 45101 44387 42689 41391 41824 40313 40895 40149 39952 38525 38961 40257 41411 42714 44638 46586 46398 48519 54971 59441 63645 64312 64522 63294 62429 60306
62 32853 34114 34402 36025 36789 37399 38183 37987 40213 41298 41796 41550 42718 43179 44970 45864 47124 48468 47773 47678 48226 47579 46982 45127 45371 45344 44415 44453 53510 50083 46194 45864 44505 43779 42033 40858 41251 39750 40376 39677 39545 38107 38478 39791 40984 42259 44233 46164 46006 48023 54478 58896 63066 63785 63989 62795 61953
63 32418 32248 33487 33714 35357 36169 36620 37493 37234 39444 40557 40990 40711 41969 42369 44164 45035 46253 47553 46897 46789 47346 46670 46103 44296 44489 44526 43617 43668 52570 49260 45381 45143 43826 43106 41461 40275 40658 39168 39779 39195 39056 37632 37976 39320 40541 41804 43766 45689 45558 47559 53957 58312 62464 63231 63483 62249
64 30521 31779 31540 32744 33042 34672 35354 35859 36706 36485 38616 39707 40198 39924 41124 41465 43293 44158 45244 46512 45969 45844 46362 45712 45134 43433 43561 43619 42785 42847 51580 48328 44556 44348 43044 42392 40786 39630 39968 38605 39263 38707 38482 37041 37387 38794 40030 41301 43267 45202 45068 47036 53411 57661 61809 62686 62821
65 28783 29797 31104 30773 32061 32302 33872 34540 35007 35882 35688 37736 38811 39363 39033 40222 40489 42266 43184 44207 45393 44956 44793 45331 44675 44155 42455 42602 42647 41801 41927 50466 47334 43688 43476 42256 41601 40058 38937 39327 38008 38702 38029 37880 36423 36789 38222 39450 40773 42665 44602 44481 46426 52790 57004 61125 61983
66 29044 28118 29080 30335 30022 31322 31509 33026 33664 34144 34989 34792 36790 37849 38380 38046 39291 39484 41153 42082 43060 44268 43797 43693 44187 43668 43110 41418 41630 41697 40824 40983 49291 46256 42764 42623 41440 40794 39258 38177 38689 37383 38026 37320 37212 35827 36251 37643 38877 40145 42045 43972 43844 45798 52106 56320 60397
67 28185 28285 27389 28249 29503 29250 30490 30685 32140 32789 33189 34029 33822 35763 36812 37314 37034 38176 38352 40025 41001 41852 43041 42587 42453 42955 42543 41995 40347 40561 40663 39761 39935 48151 45145 41825 41688 40494 39906 38466 37478 37931 36637 37311 36594 36530 35201 35650 37005 38251 39511 41360 43340 43215 45155 51438 55560
68 26881 27373 27394 26584 27398 28651 28256 29561 29732 31239 31798 32157 32952 32804 34609 35664 36208 35905 36964 37106 38808 39744 40534 41769 41305 41195 41665 41292 40793 39178 39501 39530 38688 38906 46873 44080 40812 40714 39515 38926 37693 36660 37051 35835 36499 35863 35895 34550 35010 36338 37572 38833 40724 42631 42586 44546 50743
69 25314 26015 26477 26465 25691 26497 27570 27292 28507 28747 30186 30701 30944 31970 31688 33369 34488 35004 34698 35741 35836 37486 38384 39159 40411 39946 39786 40237 40001 39593 38007 38281 38324 37610 37797 45587 42983 39699 39666 38511 38010 36817 35836 36189 35006 35671 35039 35151 33827 34308 35595 36853 38154 40063 41852 41911 43873
70 24225 24348 25075 25520 25444 24759 25386 26565 26289 27422 27645 29038 29531 29804 30755 30505 32151 33225 33624 33391 34414 34499 36124 37012 37732 38895 38572 38352 38801 38658 38294 36767 37040 37144 36409 36628 44219 41724 38547 38606 37490 37023 35854 34900 35263 34119 34813 34283 34321 33048 33573 34835 36108 37397 39304 41115 41117
71 21490 23291 23360 24076 24535 24399 23698 24349 25453 25220 26252 26477 27854 28396 28541 29452 29259 30808 31813 32320 32028 33035 33066 34684 35526 36176 37364 37099 36936 37423 37276 36905 35471 35688 35865 35226 35380 42805 40450 37348 37503 36397 35958 34843 33928 34278 33233 33931 33438 33427 32234 32821 34067 35379 36610 38544 40303
72 20360 20534 22264 22309 22996 23437 23175 22641 23204 24269 24111 24992 25207 26576 27089 27211 28183 27951 29330 30404 30847 30582 31437 31583 33176 33936 34545 35733 35548 35417 35909 35780 35382 34088 34367 34567 33899 34169 41335 39075 36176 36358 35212 34755 33718 32821 33288 32268 33027 32529 32520 31426 31942 33295 34559 35827 37679
73 19196 19314 19510 21137 21242 21887 22089 22014 21463 22110 23083 22847 23766 23943 25124 25727 25908 26776 26511 27902 28891 29318 29043 29851 30043 31516 32271 32875 34072 33905 33836 34223 34180 33897 32613 32959 33162 32535 32794 39720 37614 34889 35098 33982 33577 32595 31712 32267 31233 31994 31598 31615 30585 31074 32464 33680 34976
74 17809 18137 18272 18419 20031 20115 20571 20863 20823 20266 20868 21777 21627 22527 22575 23639 24345 24457 25231 25064 26361 27301 27669 27517 28237 28401 29879 30560 31192 32351 32306 32156 32594 32503 32232 31141 31503 31674 31108 31464 38150 36072 33528 33743 32654 32348 31451 30604 31135 30152 30940 30511 30692 29718 30143 31534 32758
75 17274 16758 16970 17131 17318 18826 18870 19375 19569 19557 19065 19580 20421 20321 21142 21079 22283 22964 22898 23687 23586 24766 25610 26067 25896 26551 26721 28173 28867 29461 30599 30550 30384 30878 30827 30616 29513 29974 30200 29587 30040 36360 34495 32042 32342 31216 31048 30201 29419 30008 29081 29780 29424 29722 28720 29167 30575
76 15173 16154 15648 15835 16003 16253 17562 17603 18008 18206 18274 17715 18308 19085 18908 19720 19725 20840 21425 21349 22121 21995 23059 23866 24323 24181 24872 25027 26451 27084 27599 28803 28752 28620 29128 29198 28906 27898 28461 28625 28068 28614 34637 32836 30482 30866 29834 29709 28913 28174 28858 27975 28681 28296 28687 27724 28146
77 14599 14044 14960 14475 14636 14811 14980 16348 16249 16661 16826 16881 16396 16928 17612 17489 18269 18261 19264 19841 19699 20476 20366 21485 22152 22549 22488 23164 23327 24656 25253 25760 26972 26853 26708 27321 27393 27125 26273 26792 27019 26461 27045 32777 31057 28957 29311 28390 28302 27503 26921 27598 26757 27550 27181 27557 26678
78 12612 13441 12883 13648 13305 13458 13550 13746 14939 14967 15354 15501 15491 15103 15500 16201 16158 16767 16736 17728 18245 18137 18812 18750 19765 20395 20849 20717 21419 21637 22866 23401 23881 25141 24973 24891 25411 25513 25291 24476 25136 25324 24871 25448 30845 29257 27348 27797 26841 26855 26166 25592 26289 25448 26297 25953 26308
79 11248 11486 12245 11709 12492 12134 12165 12342 12390 13539 13589 13987 14103 14152 13752 14105 14901 14769 15255 15307 16130 16641 16486 17178 17112 18022 18620 19053 18966 19699 19845 20979 21519 21963 23206 23160 23014 23559 23631 23418 22794 23387 23653 23264 23826 28872 27458 25751 26193 25325 25390 24683 24177 24966 24186 25017 24602
80 9577 10078 10379 10998 10575 11292 10918 11003 11078 11162 12205 12237 12605 12748 12680 12396 12823 13453 13353 13784 13833 14506 15065 14938 15515 15428 16339 16913 17285 17229 17950 18052 19112 19698 19983 21378 21290 21184 21663 21785 21659 21030 21662 21878 21592 22112 26887 25524 23943 24451 23792 23768 23251 22723 23537 22802 23649
81 8081 8501 8916 9200 9812 9439 10017 9715 9834 9858 9963 10897 10970 11322 11308 11282 11100 11494 12029 11946 12346 12369 12932 13462 13442 13883 13779 14671 15235 15629 15588 16225 16417 17276 17802 18170 19338 19395 19310 19607 19963 19897 19255 19868 20167 19860 20479 24893 23665 22196 22750 22083 22122 21700 21166 22041 21319
82 6957 7116 7451 7814 8059 8632 8308 8814 8493 8570 8705 8799 9704 9662 9938 10015 10106 9854 10147 10635 10545 10910 10901 11401 11982 11868 12320 12254 13048 13515 14013 13877 14455 14726 15389 16030 16338 17364 17511 17444 17783 18087 18010 17494 18077 18363 18121 18730 22791 21658 20443 21024 20378 20440 20089 19663 20490
83 6043 6058 6203 6443 6750 6981 7398 7227 7596 7316 7423 7549 7722 8374 8422 8704 8795 8812 8582 8941 9302 9209 9520 9555 9955 10595 10401 10789 10762 11496 11971 12269 12222 12809 13004 13732 14255 14551 15457 15635 15696 15945 16267 16267 15765 16223 16595 16468 16966 20673 19833 18588 19293 18662 18717 18522 18092
84 4712 5182 5121 5284 5543 5812 5879 6300 6195 6478 6293 6423 6552 6529 7160 7284 7589 7621 7539 7444 7709 8043 7896 8292 8288 8580 9197 8989 9401 9414 10017 10406 10696 10668 11201 11383 12086 12499 12791 13606 13874 13887 14105 14437 14462 14033 14470 14783 14810 15181 18596 17938 16776 17503 16905 17011 16891
85 3811 4015 4324 4239 4469 4692 4929 4983 5280 5210 5428 5404 5480 5545 5514 6108 6235 6484 6492 6378 6330 6543 6801 6761 7099 7154 7317 7862 7720 8057 8095 8611 8995 9241 9147 9776 9822 10526 10853 11081 11906 12026 12084 12336 12571 12738 12377 12848 13046 13145 13519 16491 16004 14995 15700 15180 15318
86 2635 3173 3317 3527 3511 3674 3864 4087 4075 4347 4349 4569 4502 4427 4570 4595 5162 5212 5431 5462 5321 5298 5503 5754 5665 5973 5999 6089 6676 6469 6909 6819 7328 7641 7814 7826 8320 8356 8990 9270 9598 10169 10359 10499 10617 10896 10996 10748 11174 11352 11541 11884 14423 14121 13258 13893 13417
87 2412 2137 2574 2651 2815 2874 2967 3190 3295 3347 3601 3559 3795 3672 3539 3726 3802 4263 4346 4505 4531 4385 4314 4531 4727 4651 4966 4978 5101 5555 5475 5733 5696 6117 6359 6642 6583 7053 7084 7509 7917 8164 8594 8771 8926 8962 9242 9459 9116 9587 9822 9906 10344 12537 12249 11544 12126
88 1980 1906 1669 2004 2077 2209 2250 2387 2524 2610 2664 2944 2916 2977 2889 2880 3032 3102 3449 3493 3643 3682 3555 3490 3654 3847 3800 4042 4080 4175 4583 4464 4649 4669 5005 5265 5488 5433 5796 5823 6303 6608 6774 7193 7315 7469 7504 7777 7919 7650 8089 8287 8377 8829 10690 10479 9895
89 1497 1537 1463 1279 1562 1623 1669 1754 1809 1961 2054 2143 2410 2214 2342 2243 2291 2400 2498 2759 2797 2881 2917 2822 2796 2884 3048 3039 3233 3247 3361 3685 3577 3755 3742 4069 4196 4435 4446 4667 4815 5149 5431 5559 5884 5975 6161 6174 6375 6527 6324 6723 6923 7027 7391 8939 8818
90 1100 1131 1192 1091 975 1174 1193 1247 1327 1396 1522 1629 1719 1760 1682 1772 1766 1806 1855 1978 2126 2201 2249 2309 2217 2222 2260 2416 2409 2543 2552 2646 2900 2819 2934 2992 3229 3363 3544 3531 3779 3867 4099 4339 4430 4664 4845 4969 4945 5196 5344 5125 5448 5627 5722 6109 7368
91 862 819 837 868 795 708 881 882 924 962 1041 1160 1279 1234 1337 1280 1353 1366 1389 1429 1537 1627 1636 1722 1789 1687 1703 1762 1886 1859 1960 1951 2037 2227 2164 2273 2338 2466 2582 2723 2809 2971 3033 3224 3430 3493 3689 3741 3928 3954 4145 4252 4088 4351 4554 4623 4901
92 567 599 585 596 618 555 534 648 652 658 701 808 881 864 862 990 938 1022 1018 1033 1064 1144 1183 1246 1294 1333 1244 1282 1342 1404 1402 1486 1473 1523 1675 1627 1729 1767 1867 1934 2072 2137 2232 2329 2439 2590 2653 2840 2864 2982 3067 3243 3309 3165 3405 3559 3625
93 342 381 424 411 405 450 375 368 447 439 464 525 634 588 608 614 743 682 758 737 751 784 823 852 922 958 949 874 945 989 1044 1015 1117 1098 1098 1285 1215 1260 1316 1368 1461 1525 1579 1640 1709 1822 1907 1943 2095 2160 2247 2276 2434 2509 2358 2563 2737
94 270 238 273 285 276 275 291 261 244 294 309 325 400 342 410 408 463 540 482 553 526 509 522 587 632 655 690 669 614 697 718 725 751 782 806 780 961 898 910 924 987 1048 1119 1141 1182 1212 1325 1395 1353 1535 1582 1592 1712 1738 1833 1709 1897
95 144 165 163 164 173 176 173 183 174 164 179 210 250 214 238 291 284 331 349 343 379 343 335 360 412 455 443 491 474 418 499 481 505 529 542 559 561 657 643 639 657 700 731 790 833 840 847 935 986 973 1108 1110 1144 1216 1269 1293 1232
96 92 104 104 105 111 112 110 117 110 104 114 134 160 136 161 162 191 192 203 241 231 256 216 223 240 281 313 311 332 332 281 336 335 360 356 394 377 372 433 418 433 442 470 492 546 556 539 569 628 666 675 760 786 754 822 878 910
97 58 66 65 66 70 70 69 74 69 66 72 84 101 86 77 99 111 120 124 139 158 158 181 133 142 147 195 202 203 209 222 192 233 214 239 248 266 255 244 270 268 288 301 299 333 363 367 333 357 391 454 450 496 548 514 550 579
98 35 40 40 40 43 43 42 45 43 40 44 52 62 52 56 50 66 72 77 82 92 95 107 120 80 92 98 118 124 140 146 149 120 133 131 145 151 164 155 163 162 171 175 181 189 214 233 230 209 227 259 298 304 317 360 328 363
99 0 0 0 0 0 0 0 0 0 0 0 0 0 0 26 30 38 44 38 49 41 62 50 68 81 50 56 54 71 76 86 88 93 78 84 83 87 101 104 89 110 104 108 105 117 121 128 145 144 136 130 165 178 188 207 214 208
100 0 0 0 0 0 0 0 0 0 0 0 0 0 0 30 33 38 43 43 49 61 59 58 68 86 99 72 79 66 81 87 95 101 125 118 117 130 119 128 138 131 142 133 141 138 147 163 160 170 189 193 205 219 225 235 250 245
